(method,name,lambda,score)
(2,CLINTON,1,0.6907177610498181)
(2,CLINTON,0.95,0.6907177610498181)
(2,CLINTON,0.9,0.6907177610498181)
(2,CLINTON,0.85,0.6907177610498181)
(2,CLINTON,0.8,0.6907177610498181)
(2,CLINTON,0.75,0.6907177610498181)
(2,CLINTON,0.7,0.6907177610498181)
(2,TRUMP,1,0.42420017575101704)
(2,TRUMP,0.95,0.42420017575101704)
(2,TRUMP,0.9,0.42420017575101704)
(2,TRUMP,0.85,0.42420017575101704)
(2,TRUMP,0.8,0.42420017575101704)
(2,TRUMP,0.75,0.42420017575101704)
(2,TRUMP,0.7,0.42420017575101704)

