(method,name,lambda,score)
(2,CLINTON,1,0.6907177610498181)
(2,CLINTON,0.95,0.6907177610498181)
(2,CLINTON,0.9,0.6907177610498181)
(2,CLINTON,0.85,0.6907177610498181)
(2,CLINTON,0.8,0.6907177610498181)
(2,CLINTON,0.75,0.6907177610498181)
(2,CLINTON,0.7,0.6907177610498181)
(2,TRUMP,1,0.42420017575101704)
(2,TRUMP,0.95,0.42420017575101704)
(2,TRUMP,0.9,0.42420017575101704)
(2,TRUMP,0.85,0.42420017575101704)
(2,TRUMP,0.8,0.42420017575101704)
(2,TRUMP,0.75,0.42420017575101704)
(2,TRUMP,0.7,0.42420017575101704)

(3,CLINTON,1,1.3765808096891505)
(3,CLINTON,0.95,1.3765808096891505)
(3,CLINTON,0.9,1.3765808096891505)
(3,CLINTON,0.85,1.3765808096891505)
(3,CLINTON,0.8,1.3765808096891505)
(3,CLINTON,0.75,1.3765808096891505)
(3,CLINTON,0.7,1.3765808096891505)
(3,TRUMP,1,0.5980430053973023)
(3,TRUMP,0.95,0.5980430053973023)
(3,TRUMP,0.9,0.5980430053973023)
(3,TRUMP,0.85,0.5980430053973023)
(3,TRUMP,0.8,0.5980430053973023)
(3,TRUMP,0.75,0.5980430053973023)
(3,TRUMP,0.7,0.5980430053973023)

(4,CLINTON,1,33.99999999999998)
(4,CLINTON,0.95,33.99999999999998)
(4,CLINTON,0.9,33.99999999999998)
(4,CLINTON,0.85,33.99999999999998)
(4,CLINTON,0.8,33.99999999999998)
(4,CLINTON,0.75,33.99999999999998)
(4,CLINTON,0.7,33.99999999999998)
(4,TRUMP,1,49.199999999999946)
(4,TRUMP,0.95,49.199999999999946)
(4,TRUMP,0.9,49.199999999999946)
(4,TRUMP,0.85,49.199999999999946)
(4,TRUMP,0.8,49.199999999999946)
(4,TRUMP,0.75,49.199999999999946)
(4,TRUMP,0.7,49.199999999999946)

(5,CLINTON,1,53.0)
(5,CLINTON,0.95,53.0)
(5,CLINTON,0.9,53.0)
(5,CLINTON,0.85,53.0)
(5,CLINTON,0.8,53.0)
(5,CLINTON,0.75,53.0)
(5,CLINTON,0.7,53.0)
(5,TRUMP,1,84.39999999999993)
(5,TRUMP,0.95,84.39999999999993)
(5,TRUMP,0.9,84.39999999999993)
(5,TRUMP,0.85,84.39999999999993)
(5,TRUMP,0.8,84.39999999999993)
(5,TRUMP,0.75,84.39999999999993)
(5,TRUMP,0.7,84.39999999999993)

(6,CLINTON,1,0.6907177610498181)
(6,CLINTON,0.95,0.6907177610498181)
(6,CLINTON,0.9,0.6907177610498181)
(6,CLINTON,0.85,0.6907177610498181)
(6,CLINTON,0.8,0.6907177610498181)
(6,CLINTON,0.75,0.6907177610498181)
(6,CLINTON,0.7,0.6907177610498181)
(6,TRUMP,1,0.42420017575101704)
(6,TRUMP,0.95,0.42420017575101704)
(6,TRUMP,0.9,0.42420017575101704)
(6,TRUMP,0.85,0.42420017575101704)
(6,TRUMP,0.8,0.42420017575101704)
(6,TRUMP,0.75,0.42420017575101704)
(6,TRUMP,0.7,0.42420017575101704)

(7,CLINTON,1,1.3765808096891505)
(7,CLINTON,0.95,1.3765808096891505)
(7,CLINTON,0.9,1.3765808096891505)
(7,CLINTON,0.85,1.3765808096891505)
(7,CLINTON,0.8,1.3765808096891505)
(7,CLINTON,0.75,1.3765808096891505)
(7,CLINTON,0.7,1.3765808096891505)
(7,TRUMP,1,0.5980430053973023)
(7,TRUMP,0.95,0.5980430053973023)
(7,TRUMP,0.9,0.5980430053973023)
(7,TRUMP,0.85,0.5980430053973023)
(7,TRUMP,0.8,0.5980430053973023)
(7,TRUMP,0.75,0.5980430053973023)
(7,TRUMP,0.7,0.5980430053973023)

