(method,name,lambda,score)
(2,TRUMP,1,0.8115914461056701)
(2,TRUMP,0.99,0.8115914461056701)
(2,TRUMP,0.98,0.8115914461056701)
(2,TRUMP,0.97,0.8115914461056701)
(2,TRUMP,0.96,0.8115914461056701)
(2,TRUMP,0.95,0.8115914461056701)
(2,TRUMP,0.9,0.8115914461056701)
(2,TRUMP,0.85,0.8115914461056701)
(2,TRUMP,0.8,0.8115914461056701)
(2,TRUMP,0.75,0.8115914461056701)
(2,TRUMP,0.7,0.8115914461056701)
(2,CLINTON,1,0.8191384308441434)
(2,CLINTON,0.99,0.8191384308441434)
(2,CLINTON,0.98,0.8191384308441434)
(2,CLINTON,0.97,0.8191384308441434)
(2,CLINTON,0.96,0.8191384308441434)
(2,CLINTON,0.95,0.8191384308441434)
(2,CLINTON,0.9,0.8191384308441434)
(2,CLINTON,0.85,0.8191384308441434)
(2,CLINTON,0.8,0.8191384308441434)
(2,CLINTON,0.75,0.8191384308441434)
(2,CLINTON,0.7,0.8191384308441434)

(3,TRUMP,1,1.0254220638147624)
(3,TRUMP,0.99,1.0254220638147624)
(3,TRUMP,0.98,1.0254220638147624)
(3,TRUMP,0.97,1.0254220638147624)
(3,TRUMP,0.96,1.0254220638147624)
(3,TRUMP,0.95,1.0254220638147624)
(3,TRUMP,0.9,1.0254220638147624)
(3,TRUMP,0.85,1.0254220638147624)
(3,TRUMP,0.8,1.0254220638147624)
(3,TRUMP,0.75,1.0254220638147624)
(3,TRUMP,0.7,1.0254220638147624)
(3,CLINTON,1,1.1086141273558336)
(3,CLINTON,0.99,1.1086141273558336)
(3,CLINTON,0.98,1.1086141273558336)
(3,CLINTON,0.97,1.1086141273558336)
(3,CLINTON,0.96,1.1086141273558336)
(3,CLINTON,0.95,1.1086141273558336)
(3,CLINTON,0.9,1.1086141273558336)
(3,CLINTON,0.85,1.1086141273558336)
(3,CLINTON,0.8,1.1086141273558336)
(3,CLINTON,0.75,1.1086141273558336)
(3,CLINTON,0.7,1.1086141273558336)

